0.0029985
0.0030015
0.003002733333333333
0.003003
0.0029895666666666667
0.0030038
0.0030033333333333335
0.0030295666666666668
0.0029787666666666666
0.0029998333333333335
0.0029899
0.0029979
0.0030055
0.0030011666666666667
0.003005166666666667
0.0029886
0.0029757
0.002992233333333333
0.0029837333333333333
0.0029927
0.002973233333333333
0.0029921
0.002979966666666667
0.002981933333333333
0.0029652333333333334
0.0029587333333333334
0.002963
0.0029753
0.0029696666666666665
0.0029652666666666666
0.0029665333333333335
0.0029655333333333334
0.002954333333333333
0.0029302
0.0029634333333333333
0.0029466333333333333
0.0029417
0.0029249
0.0029245
0.002931833333333333
0.0029291666666666667
0.0029371333333333333
0.0029258
0.0029027333333333334
0.0029284
0.002913
0.0028997666666666666
0.0029109333333333333
0.0028864333333333335
0.002891233333333333
0.0029040333333333335
0.0028900333333333333
0.002883933333333333
0.0028824
0.0028717
0.0028689333333333333
0.0028719333333333333
0.0028768333333333332
0.0028575333333333334
0.0028432333333333333
0.0028562333333333333
0.002840333333333333
0.002844933333333333
0.002844633333333333
0.0028521
0.0028331
0.0028159333333333332
0.0028126333333333333
0.0028207
0.002784033333333333
0.0028076
0.002785866666666667
0.0027976
0.0027753666666666668
0.0027952333333333334
0.10403753333333333
0.0717958
0.049997933333333335
0.03530553333333333
0.025329
0.018569533333333332
0.013975
0.0108785
0.008778766666666667
0.007330066666666667
0.0063618
0.005683766666666667
0.005194733333333333
0.004861733333333333
0.005524566666666667
0.004192366666666667
0.004166933333333333
0.0041351
0.004098366666666666
0.0040477
0.0040332
0.0039656
0.0039473
0.003910933333333333
0.0038666
0.003843833333333333
0.0038037
0.0037708666666666666
0.0037467
0.0037163666666666668
0.0036748666666666665
0.0036480666666666665
0.0036172
0.0035748
0.0035489666666666665
0.003516333333333333
0.0034953666666666665
0.0034738666666666667
0.003427466666666667
0.003407733333333333
0.0033637
0.0033479666666666667
0.0033095333333333335
0.0032980333333333333
0.0032494
0.0032229666666666666
0.0031968666666666668
0.0031752
0.0031535666666666668
0.0031082666666666665
0.0031027333333333335
0.0030676
0.0030389666666666665
0.0030156
0.002983533333333333
0.0029651
0.002939666666666667
0.0029122
0.0028849
0.0028491666666666665
0.002831366666666667
0.0027804333333333333
0.0027903666666666666
0.002771
0.0027379333333333333
0.002703633333333333
0.0026975666666666665
0.0026700666666666668
0.0026344
0.0026086666666666667
0.0025894333333333335
0.0025694333333333335
0.0025396
0.0025288666666666666
0.0024939333333333334
0.002478366666666667
0.022937366666666667
0.0298884
0.0299501
0.026775533333333334
0.022568833333333333
0.018281166666666668
0.0143777
0.0110584
0.008460966666666667
0.0063394666666666665
0.004713866666666667
0.0034578666666666667
0.0025397333333333333
0.0018466333333333332
0.0017048333333333334
0.0010814333333333333
0.0006980333333333333
0.00044676666666666667
0.0002799333333333333
0.00017856666666666668
0.00011113333333333333
7.14e-05
4.4433333333333334e-05
2.5966666666666667e-05
1.6566666666666665e-05
9.266666666666667e-06
6.0666666666666665e-06
3.2333333333333334e-06
3.1e-06
